tree1, 87, 170, 127, 189, 212, 75, 157, 134, 172, 54, 157, shadow1
tree2, 101, 181, 119, 191, 228, 82, 176, shadow2
tree3, 82, 216, 100, 226, 200, 71, 214, shadow3
cactus1, 30, 129, 49, 141, 80, 21, 129, shadow3
cactus2, 18, 118, 39, 130, 60, 8, 118, shadow3
well1, 12, 90, 72, 109, 85, 5, 80, 74, 85, 3, 90, shadow5
stone1, 2, 20, 47, 39, 50, -2, 23, shadow4
fire1, 12, 42, 46, 65, 55
fire2, 3, 27, 49, 48, 50, 0, 23, 49, 30
dungeon1, 0, 0, 0, 0, 0, 0, 0, 40, 40
shadow1, 0, 0, 0, 0, 0
shadow2, 0, 0, 0, 0, 0
shadow3, 0, 0, 0, 0, 0
shadow4, 0, 0, 0, 0, 0
shadow5, 0, 0, 0, 0, 0
dore1, 0, 0, 0, 0, 0, 0, 0, 40, 40